RNN_25_LB_2_LR_0.05': 6.2566891872953629
RNN_50_LB_0_LR_0.05': 5.8255246638336784
RNN_50_LB_0_LR_0.5': 5.8555794881410037
RNN_50_LB_0_LR_0.1': 5.8312955507451223
RNN_50_LB_2_LR_0.5': 5.7687378644863925
RNN_50_LB_5_LR_0.5': 5.7094225979799678
RNN_50_LB_5_LR_0.1': 5.6996163128745376
RNN_50_LB_2_LR_0.1': 5.757014711735839
RNN_25_LB_5_LR_0.05': 5.9615501948645164
RNN_25_LB_5_LR_0.1': 5.9795815649427464
RNN_25_LB_2_LR_0.1': 6.2875480629313163
RNN_25_LB_5_LR_0.5': 6.0113806781956542
RNN_25_LB_2_LR_0.5': 6.3536338990421113
RNN_50_LB_2_LR_0.05': 5.7519191600237356
RNN_25_LB_0_LR_0.1': 6.7382533723544595
RNN_50_LB_5_LR_0.05': 5.6955579905231772
RNN_25_LB_0_LR_0.05': 6.6929656432339
RNN_25_LB_0_LR_0.5': 6.8465397126951997

{'RNN_25_LB_2_LR_0.05': 6.0135163153054103, 'RNN_50_LB_0_LR_0.05': 5.6877975456623773, 'RNN_50_LB_0_LR_0.5': 5.7083391577192932, 'RNN_50_LB_0_LR_0.1': 5.693819236344738, 'RNN_50_LB_2_LR_0.5': 5.6336822475203503, 'RNN_50_LB_5_LR_0.5': 5.5818374881125523, 'RNN_50_LB_5_LR_0.1': 5.5726115091251716, 'RNN_50_LB_2_LR_0.1': 5.6234722543683793, 'RNN_25_LB_5_LR_0.05': 5.8000236673540497, 'RNN_25_LB_5_LR_0.1': 5.8122186746587881, 'RNN_25_LB_2_LR_0.1': 6.0365029973177915, 'RNN_25_LB_5_LR_0.5': 5.8409529546767835, 'RNN_25_LB_2_LR_0.5': 6.0903698835947493, 'RNN_50_LB_2_LR_0.05': 5.6184392392398959, 'RNN_25_LB_0_LR_0.1': 6.5406931139799402, 'RNN_50_LB_5_LR_0.05': 5.5683099163520895, 'RNN_25_LB_0_LR_0.05': 6.4916914793845359, 'RNN_25_LB_0_LR_0.5': 6.6427791219681245}
